879 869 10 10
-6.244555
-6.672539
-6.991729
-6.506979
-7.054968
-6.761341
-6.928342
-6.102111
-6.317526
-4.872139
-6.410504
-7.106934
-7.227227
-6.836904
-6.484330
-6.595781
-6.108358
-5.766444
-5.274025
-5.955319
-7.000881
-6.863803
-7.509226
-6.318608
-6.727671
-5.981919
-5.811740
-6.460530
-5.365976
-6.470800
-7.785222
-7.569309
-7.360867
-6.555641
-7.272259
-7.206971
-6.673804
-6.423247
-5.561451
-3.152736
-8.129057
-7.658416
-7.177782
-6.869846
-7.023046
-6.687607
-6.506979
-4.330733
-5.957908
-4.991792
-6.937508
-7.228388
-6.657754
-6.718530
-7.148188
-6.365783
-6.082675
-5.488938
-3.903991
-2.933857
-6.611772
-7.045079
-7.003974
-7.095230
-6.294158
-5.466371
-6.737678
-6.684362
-5.057519
-3.845883
-6.699500
-6.517967
-7.552657
-6.973543
-7.064759
-5.031744
-6.892642
-6.348789
-6.445720
-4.695011
-6.900328
-6.125558
-6.481883
-6.338241
-6.019080
-3.161247
-6.320409
-5.556828
-5.764564
-4.301359
-5.456175
-5.429346
-6.810363
-5.823637
-3.923952
-3.589059
-2.747271
-5.056246
-3.288402
-3.653252
