10 10 20 20
-4.532599
-4.343805
-4.406719
-4.158883
-4.077537
-3.891820
-3.713572
-3.401197
-3.496508
-3.465736
-3.401197
-3.555348
-3.367296
-3.433987
-3.044522
-3.135494
-2.639057
-2.995732
-2.708050
-2.484907
-5.257495
-4.189655
-4.043051
-3.871201
-4.127134
-4.025352
-3.663562
-3.850148
-3.737670
-3.610918
-3.401197
-3.091042
-2.708050
-3.218876
-2.995732
-2.944439
-2.833213
-2.995732
-2.564949
-2.708050
-5.225747
-4.304065
-4.025352
-3.871201
-3.970292
-3.401197
-3.784190
-3.713572
-3.332205
-3.401197
-3.367296
-3.367296
-3.258097
-2.639057
-3.295837
-2.639057
-2.397895
-2.944439
-2.639057
-2.484907
-5.141664
-4.077537
-4.127134
-3.951244
-3.912023
-3.784190
-3.258097
-3.496508
-3.433987
-3.433987
-3.178054
-3.135494
-3.044522
-3.135494
-2.995732
-2.833213
-2.890372
-2.772589
-2.197225
-2.639057
-5.159055
-4.158883
-4.043051
-3.401197
-3.583519
-3.583519
-3.465736
-3.401197
-3.555348
-3.258097
-3.218876
-3.135494
-2.890372
-3.091042
-2.890372
-2.890372
-1.386294
-2.197225
-1.609438
-2.197225
-4.905275
-3.828641
-3.806662
-3.806662
-3.637586
-3.401197
-3.526361
-3.332205
-3.218876
-2.995732
-2.890372
-2.564949
-2.995732
-2.708050
-2.639057
-2.397895
-2.772589
-2.564949
-2.197225
-1.386294
-4.897840
-3.761200
-3.367296
-3.637586
-3.526361
-3.555348
-3.526361
-3.218876
-2.995732
-3.178054
-2.995732
-2.833213
-2.079442
-2.302585
-1.945910
-2.302585
-2.397895
-2.397895
-2.484907
-1.945910
-4.912655
-3.713572
-3.496508
-3.637586
-2.995732
-3.178054
-3.135494
-3.465736
-3.218876
-2.944439
-3.218876
-2.944439
-2.639057
-2.564949
-2.302585
-2.772589
-2.302585
-1.609438
-2.397895
-1.945910
-4.727388
-3.663562
-3.583519
-3.610918
-3.258097
-3.401197
-3.044522
-2.484907
-2.890372
-2.890372
-2.197225
-2.079442
-2.833213
-2.639057
-2.197225
-2.079442
-1.945910
-1.386294
-1.098612
-1.609438
-4.330733
-3.555348
-3.465736
-3.044522
-3.496508
-3.367296
-2.772589
-2.708050
-2.890372
-2.079442
-2.397895
-2.772589
-2.197225
-2.484907
-2.079442
-1.609438
-1.791759
-1.098612
-1.098612
-1.609438
-4.488636
-3.178054
-3.526361
-3.178054
-3.218876
-2.944439
-2.639057
-2.833213
-1.945910
-2.944439
-2.564949
-2.302585
-2.484907
-1.945910
-2.302585
-1.609438
-2.079442
-1.098612
-1.791759
-1.609438
-4.394449
-3.091042
-3.218876
-3.135494
-2.302585
-2.772589
-2.708050
-2.639057
-2.708050
-2.772589
-1.386294
-2.302585
-2.079442
-2.197225
-2.302585
-1.791759
-1.609438
-0.693147
-0.693147
-1.791759
-4.343805
-3.465736
-2.890372
-2.890372
-3.044522
-2.302585
-3.091042
-2.833213
-2.397895
-2.397895
-1.386294
-1.945910
-1.386294
-2.079442
-1.945910
-2.397895
-1.609438
-1.386294
-1.791759
-0.693147
-4.043051
-2.772589
-2.772589
-2.890372
-3.044522
-3.044522
-2.639057
-1.791759
-2.484907
-2.197225
-1.609438
-2.302585
-2.197225
-2.079442
-1.609438
-0.693147
-1.945910
0.000000
-1.098612
-1.791759
-4.127134
-3.044522
-3.258097
-2.484907
-1.945910
-2.639057
-2.079442
-1.945910
-2.564949
-2.397895
-1.791759
-2.079442
-1.791759
-1.609438
-1.791759
-1.098612
-0.693147
-1.386294
0.000000
-1.098612
-3.526361
-2.995732
-2.564949
-2.564949
-2.397895
-2.639057
-2.639057
-2.397895
-2.397895
-2.772589
-2.302585
-1.609438
-1.945910
-1.945910
-1.386294
-0.693147
-1.791759
-1.386294
-1.791759
-0.693147
-3.912023
-2.772589
-2.708050
-2.302585
-2.302585
-2.197225
-2.079442
-1.609438
-1.791759
-2.197225
-2.079442
-1.945910
-2.397895
-1.945910
-1.386294
-0.693147
-1.609438
-1.386294
0.000000
-1.098612
-3.465736
-2.397895
-2.197225
-2.197225
-2.302585
-2.397895
-1.945910
-1.945910
-2.079442
-2.302585
-0.693147
-1.609438
-1.386294
-1.386294
-1.098612
-1.945910
-1.386294
-1.609438
-0.693147
-1.098612
-3.637586
-2.564949
-2.708050
-2.302585
-2.484907
-2.079442
-1.098612
-2.564949
-2.197225
-1.791759
-1.609438
-1.945910
-1.386294
-0.693147
-1.609438
-1.098612
-1.945910
-0.693147
-1.098612
-1.386294
-3.637586
-2.708050
-2.772589
-2.397895
-1.609438
-2.302585
-2.484907
-1.945910
-1.609438
-1.945910
-1.791759
0.000000
-1.098612
-1.386294
-1.609438
-1.386294
0.000000
-1.945910
-1.609438
0.000000
